4.449492530999123
12.571926200000235
29.28385511200031
11.602068950998728
41.79175527299958
10.494324551000318
18.097118399000465
9.60698683100054
34.538287086999844
68.44242731000122
41.15772238199861
13.146734605999882
176.3512985640009
15.306369085999904
5.764246591999836
54.214312709000296
9.648883720999947
24.565392803000577
12.508764746999077
19.248389833001056
10.841080008000063
143.57555150000007
5.077819466001529
1.8980983110013767
14.664840376999564
84.91877401300007
68.69778796899845
8.149704662000659
53.4429718880001
1.9697537749998446
11.25329686600162
34.64236410400008
7.1908457209992775
119.76413077699908
6.592614978999336
14.73396672600029
41.11080743299863
17.50912975599931
25.713828633000958
5.93625258999964
18.484596443000555
18.109064287000365
8.768300357998669
159.17269883500012
13.154507999000998
94.8536309200008
18.90001107700118
35.31735952500094
8.849967195001227
17.42344912199951
160.64294204500038
13.717014284999095
7.58738910700049
4.913764463000916
42.603735118998884
57.088905899001475
13.265058330000102
70.32116531999964
52.194419321998794
15.928516243000558
28.70344327299972
1.3096144450009888
21.763502321000487
11.844109351999577
22.526019369001006
48.964758403000815
76.69665799999893
4.291945091999878
87.50855528400098
33.86025564400006
31.712951813000473
21.51523177600029
149.91107521199956
10.521310640000593
31.015045332000227
14.083388326000204
92.15647250800066
153.866139714999
20.300893695999548
64.2025560309994
39.11403987000085
43.67759042700163
13.763397610000538
27.597259719999784
4.423737315000835
96.4370032579991
85.63207667299866
6.339551148001192
18.253548376000253
14.515751863000332
21.08226852900043
19.14721706399905
17.06374064999909
53.2747366450003
15.78742042399972
439.9455228730003
1.950568686999759
243.16048296100053
32.88825538599849
11.545961735999299
