6.927643827999418
8.210851895000815
9.67757390800034
13.690375328998925
27.755014078000386
45.61895968000135
7.797315125999376
53.60010157800025
27.592784413000118
30.457076014999984
45.411970543998905
5.520608708999134
22.766320250999343
62.76882076400034
64.16120887299985
18.9239770639997
1.6595133589999023
21.385720079999373
79.82663487299942
8.399661482000738
51.06480058799934
12.013283620999573
205.22744386799968
6.953590921000796
5.18412079799964
6.561736407000353
13.42412231399976
88.84328649499912
28.164940573000422
6.004876089999016
18.242063699000937
4.692218498999864
1.409139157000027
6.665872391000448
11.910819531000016
41.75455062400033
5.3981184890017175
9.183738282001286
1.5868802940003661
72.0261184459996
2.898353810000117
177.4757101739997
8.89617743600138
2.1765270279993274
161.40547392500048
46.637568881000334
34.43453788199986
41.207097267999416
22.328961227000036
3.736499783000909
50.74731903300017
4.584288770998683
153.9719126179989
8.01341059799961
207.35774205400048
7.084391745998801
7.779818046999935
6.074546134999764
18.487933227001122
18.18691053600014
2.305665731000772
2.125937397000598
6.377046063000307
14.66149564099942
5.420334503000049
47.75287746699905
6.630454690000988
73.74831933999849
19.969931456000268
59.21469976000117
207.28394393000053
53.38397382899893
5.8924819879994175
65.64935897500072
33.01934963599888
32.63824855299936
227.42771992899907
3.2551274659999763
25.66773335400103
8.96877582399975
120.43033894100154
38.04815668400079
22.179416635999587
422.69339311899967
24.347638601000654
8.265248739000526
6.778775849001249
2.8446883169999637
5.5712212060007005
4.408178618999955
8.04234925199853
2.9023928879996674
15.810436282999945
13.981615802000306
4.695382642001277
40.20770797899968
8.059972953000397
358.02460911900016
2.494336829000531
363.84037475400146
